instance_id,scenario,subtype,subtype_zh,migration_type,migration_type_zh,implementation_scope,implementation_scope_zh,logic_equivalence_scope,logic_equivalence_scope_zh,repo_full_name,repo_created_at,repo_stars,pr_number,pr_url,pr_created_at,title,body_summary,changed_file_summary,has_tests_before,has_tests_before_zh,adds_new_tests,adds_new_tests_zh,auto_signals,auto_signals_zh,manual_label,manual_label_zh,source_language,source_language_zh,target_language,target_language_zh,source_version,target_version,migration_pattern,test_framework,test_framework_zh,build_system,build_system_zh,reproducible,reproducible_zh,issue_rewrite_ready,issue_rewrite_ready_zh,leakage_risk,leakage_risk_zh,exclude_reason,exclude_reason_zh,reviewer,cross_check_status,cross_check_status_zh,notes
java_python__Axual__ksml__pr461,language_migration,java_python,Java 到 Python,cross_language_migration,跨语言迁移,,部分功能迁移=partial_feature_migration；整仓翻译=full_repo_translation,,同一逻辑翻译=same_logic_translation；部分逻辑替换=partial_logic_replacement；逻辑不清=unclear_logic_mapping,Axual/ksml,2021-05-03T11:37:20Z,34,461,https://github.com/Axual/ksml/pull/461,2026-03-05T23:34:25Z,Fix user type parsing with/without default notation,"- Builds on earlier toString() work, and extends with always-sorted struct keys - Adds example for windowed AVRO keys, including SensorKey schema - Reverses the Python logic for single AVRO message generation and batch AVRO message generation - Fixes user type parsing for...",build-local-docker.sh; examples/00-example-generate-sensordata-avro-batch.yaml; examples/00-example-generate-sensordata-avro.yaml; examples/11-example-field-modification.yaml; examples/20-example-windowed-avro-state-store.yaml; examples/SensorKey.avsc; examples/ksml-runner.yaml; ksml-data-avro/src/main/java/io/axual/ksml/data/notation/avro/AvroDataObjectMapper.java; ksml-data-avro/src/test/java/io/axual/ksml/data/notation/avro/AvroDataObjectMapperTest.java; ksml-data/src/main/java/io/axual/ksml/data/mapper/NativeDataObjectMapper.java; ksml-data/src/main/java/io/axual/ksml/data/object/DataBytes.java; ksml-data/src/main/java/io/axual/ksml/data/object/DataMap.java; ksml-data/src/main/java/io/axual/ksml/data/object/DataPrimitive.java; ksml-data/src/main/java/io/axual/ksml/data/object/DataStruct.java; ksml-data/src/main/java/io/axual/ksml/data/serde/UnionSerde.java; ksml-data/src/main/java/io/axual/ksml/data/util/ConvertUtil.java; ksml-data/src/main/java/io/axual/ksml/data/util/JavaValuePrinter.java; ksml-data/src/main/java/io/axual/ksml/data/util/ValuePrinter.java; ksml-data/src/main/java/io/axual/ksml/data/value/Struct.java; ksml-data/src/test/java/io/axual/ksml/data/mapper/NativeDataObjectMapperTest.java,true,是,true,是,adds_new_tests; cross_language_mapping_visible; keyword_match; strict_migration_signal; touches_code; touches_tests,新增测试；可见跨语言对应关系；命中关键词；强迁移信号；修改代码；修改测试,,正例=positive；负例=negative；不确定=uncertain,java,Java,python,Python,,,,test_files_detected,检测到测试文件,,,unknown,待确认,needs_check,还需检查,low,低,,,,,待复核=pending；已复核=checked；有分歧=disagreed,
java_python__ControlCore-Project__concore__pr252,language_migration,java_python,Java 到 Python,cross_language_migration,跨语言迁移,,部分功能迁移=partial_feature_migration；整仓翻译=full_repo_translation,,同一逻辑翻译=same_logic_translation；部分逻辑替换=partial_logic_replacement；逻辑不清=unclear_logic_mapping,ControlCore-Project/concore,2022-01-05T20:09:14Z,16,252,https://github.com/ControlCore-Project/concore/pull/252,2026-02-11T19:14:37Z,fix(java): rewrite literalEval() with recursive descent parser,"This PR fixes #228 related to the `literalEval()` implementation in `concoredocker.java`. The previous implementation was using `String.split("","")`, which caused problems in several situations such as nested structures (like lists inside dictionaries), strings containing commas or colons, and...",TestLiteralEval.java; concoredocker.java,true,是,false,否,touches_code,修改代码,,正例=positive；负例=negative；不确定=uncertain,java,Java,python,Python,,,,,,,,unknown,待确认,needs_check,还需检查,low,低,,,,,待复核=pending；已复核=checked；有分歧=disagreed,
java_python__RagnarGrootKoerkamp__BAPCtools__pr498,language_migration,java_python,Java 到 Python,cross_language_migration,跨语言迁移,,部分功能迁移=partial_feature_migration；整仓翻译=full_repo_translation,,同一逻辑翻译=same_logic_translation；部分逻辑替换=partial_logic_replacement；逻辑不清=unclear_logic_mapping,RagnarGrootKoerkamp/BAPCtools,2019-07-09T00:51:16Z,70,498,https://github.com/RagnarGrootKoerkamp/BAPCtools/pull/498,2025-12-30T14:23:06Z,"Schema, examples, tests for 2025-09","CUE schemas for `problem.yaml` and `test_group.yaml` that is consistent with `2025-09` of the problem package format, as well as resulting updates to the schema for `generators.yaml`. ### Schema The most important is probably the schema for `problem.yaml`, which I allow myself to copy here for...",.github/workflows/ci.yaml; bapctools/resources/support/schemas/generators.cue; bapctools/resources/support/schemas/generators_yaml_schema.json; bapctools/resources/support/schemas/make_json_schemas.sh; bapctools/resources/support/schemas/problem_yaml_schema.json; bapctools/resources/support/schemas/problemformat.cue; bapctools/resources/support/schemas/problempackageformat.cue; bapctools/resources/support/schemas/test_group_yaml_schema.json; test/problems/boolfind/problem.yaml; test/problems/constants/problem.yaml; test/problems/different/problem.yaml; test/problems/fltcmp/problem.yaml; test/problems/generatorincludes/problem.yaml; test/problems/guess/problem.yaml; test/problems/guessnoeofcheck/problem.yaml; test/problems/hello/problem.yaml; test/problems/hellounix/problem.yaml; test/problems/identity/problem.yaml; test/problems/interactivemultipass/problem.yaml; test/problems/multipass/problem.yaml,true,是,true,是,adds_new_tests; touches_code; touches_tests,新增测试；修改代码；修改测试,,正例=positive；负例=negative；不确定=uncertain,java,Java,python,Python,,,,pytest,pytest,,,unknown,待确认,needs_check,还需检查,low,低,,,,,待复核=pending；已复核=checked；有分歧=disagreed,
java_python__The-OpenROAD-Project__bazel-orfs__pr562,language_migration,java_python,Java 到 Python,cross_language_migration,跨语言迁移,,部分功能迁移=partial_feature_migration；整仓翻译=full_repo_translation,,同一逻辑翻译=same_logic_translation；部分逻辑替换=partial_logic_replacement；逻辑不清=unclear_logic_mapping,The-OpenROAD-Project/bazel-orfs,2024-02-06T17:24:15Z,24,562,https://github.com/The-OpenROAD-Project/bazel-orfs/pull/562,2026-03-22T16:40:21Z,Rewrite .github/ ad-hoc tests as idiomatic Bazel sh_test targets,"## Summary Consolidate CI from 5 jobs to 1 and make `bazelisk test ... --build_tests_only` the single source of truth for testing. Rewrite mock binaries in Python with unit tests so we're testing `.bzl` rule logic, not the OpenROAD binary. **Before**: 5 CI jobs, ad-hoc shell scripts in...",.bazelignore; .bazelrc; .github/ci.bazelrc; .github/scripts/build_local_target.sh; .github/scripts/extract_docker_revision.py; .github/scripts/smoketests.sh; .github/workflows/ci.yml; .github/workflows/lint.yml; .gitignore; MODULE.bazel; MODULE.bazel.lock; TESTING.md; chisel/BUILD; chisel/test.bzl; delivery/BUILD.bazel; fix_lint.sh; mock/chisel/BUILD.bazel; private/flow.bzl; requirements_features.in; requirements_features_lock_3_13.txt,true,是,false,否,strict_migration_signal; touches_code; touches_tests,强迁移信号；修改代码；修改测试,,正例=positive；负例=negative；不确定=uncertain,java,Java,python,Python,,,,test_files_detected,检测到测试文件,,,unknown,待确认,needs_check,还需检查,low,低,,,,,待复核=pending；已复核=checked；有分歧=disagreed,
java_python__aaronsb__bosectl__pr20,language_migration,java_python,Java 到 Python,cross_language_migration,跨语言迁移,,部分功能迁移=partial_feature_migration；整仓翻译=full_repo_translation,,同一逻辑翻译=same_logic_translation；部分逻辑替换=partial_logic_replacement；逻辑不清=unclear_logic_mapping,aaronsb/bosectl,2026-04-05T03:00:18Z,9,20,https://github.com/aaronsb/bosectl/pull/20,2026-04-13T01:08:52Z,Rewrite catalog from decompiled Bose Music APK,## Summary - Rewrites the device catalog (Python / Rust / C++) using `io.intrepid.bose_bmap.model.enums.BoseProductId` from the decompiled Bose Music APK as the authoritative source. - Expands from 14 → 39 entries and corrects several misattributed PIDs that were inherited from `bose-dfu` /...,README.md; cpp/src/catalog.h; cpp/tests/test_catalog.cpp; docs/architecture.md; python/pybmap/catalog.py; python/tests/test_catalog.py; rust/src/catalog.rs,true,是,false,否,touches_code; touches_tests,修改代码；修改测试,,正例=positive；负例=negative；不确定=uncertain,java,Java,python,Python,,,,pytest,pytest,,,unknown,待确认,needs_check,还需检查,low,低,,,,,待复核=pending；已复核=checked；有分歧=disagreed,
java_python__apache__fory__pr3557,language_migration,java_python,Java 到 Python,cross_language_migration,跨语言迁移,,部分功能迁移=partial_feature_migration；整仓翻译=full_repo_translation,,同一逻辑翻译=same_logic_translation；部分逻辑替换=partial_logic_replacement；逻辑不清=unclear_logic_mapping,apache/fory,2023-04-28T03:57:00Z,4298,3557,https://github.com/apache/fory/pull/3557,2026-04-12T11:31:44Z,feat(java): remove guava dependency from fory java,## Why? Make `fory-core` usable without requiring Guava on the runtime classpath while keeping Guava collection support available when the dependency is present. ## What does this PR do? - Marks the `guava` dependency in `java/fory-core` as optional. - Replaces the remaining Guava-based core...,benchmarks/java/src/main/java/org/apache/fory/benchmark/state/FlatBuffersState.java; benchmarks/java/src/main/java/org/apache/fory/benchmark/state/ProtoBuffersState.java; benchmarks/java/src/test/java/org/apache/fory/benchmark/state/JsonTest.java; java/fory-core/pom.xml; java/fory-core/src/main/java/org/apache/fory/collection/BiMap.java; java/fory-core/src/main/java/org/apache/fory/collection/Cache.java; java/fory-core/src/main/java/org/apache/fory/collection/CacheBuilder.java; java/fory-core/src/main/java/org/apache/fory/collection/ClassValueCache.java; java/fory-core/src/main/java/org/apache/fory/collection/Collections.java; java/fory-core/src/main/java/org/apache/fory/collection/MapMaker.java; java/fory-core/src/main/java/org/apache/fory/collection/MultiKeyWeakMap.java; java/fory-core/src/main/java/org/apache/fory/collection/ReferenceConcurrentMap.java; java/fory-core/src/main/java/org/apache/fory/config/ForyBuilder.java; java/fory-core/src/main/java/org/apache/fory/resolver/ClassResolver.java; java/fory-core/src/main/java/org/apache/fory/resolver/SharedRegistry.java; java/fory-core/src/main/java/org/apache/fory/resolver/TypeResolver.java; java/fory-core/src/main/java/org/apache/fory/serializer/Serializers.java; java/fory-core/src/main/java/org/apache/fory/serializer/collection/GuavaCollectionSerializers.java; java/fory-core/src/main/java/org/apache/fory/serializer/collection/MapLikeSerializer.java; java/fory-core/src/main/java/org/apache/fory/serializer/converter/FieldConverters.java,true,是,true,是,adds_new_tests; touches_code; touches_tests,新增测试；修改代码；修改测试,,正例=positive；负例=negative；不确定=uncertain,java,Java,python,Python,,,,test_files_detected,检测到测试文件,,,unknown,待确认,needs_check,还需检查,medium,中,,,,,待复核=pending；已复核=checked；有分歧=disagreed,
java_python__apache__zeppelin__pr5183,language_migration,java_python,Java 到 Python,cross_language_migration,跨语言迁移,,部分功能迁移=partial_feature_migration；整仓翻译=full_repo_translation,,同一逻辑翻译=same_logic_translation；部分逻辑替换=partial_logic_replacement；逻辑不清=unclear_logic_mapping,apache/zeppelin,2015-03-25T07:00:06Z,6617,5183,https://github.com/apache/zeppelin/pull/5183,2026-03-16T15:09:48Z,[ZEPPELIN-6404] Rewrite merge PR script in Python with no external dependencies,"## Summary - Rewrite `dev/merge_zeppelin_pr.py` as a single-file Python CLI (`dev/merge_pr.py`) - No external dependencies — uses only Python 3 built-in libraries (`urllib`, `json`, `subprocess`, `argparse`, `re`) - Runs directly with `python3 dev/merge_pr.py --pr <number> [flags]` - Non-...",dev/merge_pr.py,true,是,false,否,strict_migration_signal; touches_code,强迁移信号；修改代码,,正例=positive；负例=negative；不确定=uncertain,java,Java,python,Python,,,,,,,,unknown,待确认,needs_check,还需检查,medium,中,,,,,待复核=pending；已复核=checked；有分歧=disagreed,
java_python__delftdata__valentine__pr84,language_migration,java_python,Java 到 Python,cross_language_migration,跨语言迁移,,部分功能迁移=partial_feature_migration；整仓翻译=full_repo_translation,,同一逻辑翻译=same_logic_translation；部分逻辑替换=partial_logic_replacement；逻辑不清=unclear_logic_mapping,delftdata/valentine,2019-06-28T13:50:14Z,109,84,https://github.com/delftdata/valentine/pull/84,2026-03-30T06:59:33Z,Rewrite COMA algorithm in pure Python,"## Summary - **Adds `ComaPy`**, a pure Python implementation of the COMA 3.0 schema matching algorithm, eliminating the Java 6 runtime dependency (40MB JAR + subprocess IPC) - Faithfully reproduces COMA's matching pipeline: trigram (Dice) name/path similarity, TF-IDF instance matching with global...",.github/workflows/build.yml; README.md; pyproject.toml; requirements.txt; tests/data/source_candidates.csv; tests/data/target_candidates.csv; tests/test_algorithms.py; tests/test_coma_py_regression.py; tests/test_coma_py_units.py; valentine/algorithms/__init__.py; valentine/algorithms/coma/coma.py; valentine/algorithms/coma_py/__init__.py; valentine/algorithms/coma_py/coma_py.py; valentine/algorithms/coma_py/combination.py; valentine/algorithms/coma_py/matchers.py; valentine/algorithms/coma_py/schema.py; valentine/algorithms/coma_py/selection.py; valentine/algorithms/coma_py/similarity/__init__.py; valentine/algorithms/coma_py/similarity/datatype.py; valentine/algorithms/coma_py/similarity/tfidf.py,true,是,true,是,adds_new_tests; touches_code; touches_tests,新增测试；修改代码；修改测试,,正例=positive；负例=negative；不确定=uncertain,java,Java,python,Python,,,,test_files_detected,检测到测试文件,poetry,Poetry,unknown,待确认,needs_check,还需检查,low,低,,,,,待复核=pending；已复核=checked；有分歧=disagreed,
java_python__eclipse-scout__scout.rt__pr2136,language_migration,java_python,Java 到 Python,cross_language_migration,跨语言迁移,,部分功能迁移=partial_feature_migration；整仓翻译=full_repo_translation,,同一逻辑翻译=same_logic_translation；部分逻辑替换=partial_logic_replacement；逻辑不清=unclear_logic_mapping,eclipse-scout/scout.rt,2021-08-16T17:42:36Z,45,2136,https://github.com/eclipse-scout/scout.rt/pull/2136,2026-04-09T15:52:57Z,Remove empty java file,457158,org.eclipse.scout.rt.shared/src/main/java/org/eclipse/scout/rt/shared/extension/MethodState.java,true,是,false,否,touches_code,修改代码,,正例=positive；负例=negative；不确定=uncertain,java,Java,python,Python,,,,,,,,unknown,待确认,needs_check,还需检查,low,低,,,,,待复核=pending；已复核=checked；有分歧=disagreed,
java_python__eclipse-scout__scout.rt__pr2137,language_migration,java_python,Java 到 Python,cross_language_migration,跨语言迁移,,部分功能迁移=partial_feature_migration；整仓翻译=full_repo_translation,,同一逻辑翻译=same_logic_translation；部分逻辑替换=partial_logic_replacement；逻辑不清=unclear_logic_mapping,eclipse-scout/scout.rt,2021-08-16T17:42:36Z,45,2137,https://github.com/eclipse-scout/scout.rt/pull/2137,2026-04-09T16:01:23Z,Remove empty java file,457158,org.eclipse.scout.rt.shared/src/main/java/org/eclipse/scout/rt/shared/extension/MethodState.java,true,是,false,否,touches_code,修改代码,,正例=positive；负例=negative；不确定=uncertain,java,Java,python,Python,,,,,,,,unknown,待确认,needs_check,还需检查,low,低,,,,,待复核=pending；已复核=checked；有分歧=disagreed,
java_python__eclipse-scout__scout.rt__pr2139,language_migration,java_python,Java 到 Python,cross_language_migration,跨语言迁移,,部分功能迁移=partial_feature_migration；整仓翻译=full_repo_translation,,同一逻辑翻译=same_logic_translation；部分逻辑替换=partial_logic_replacement；逻辑不清=unclear_logic_mapping,eclipse-scout/scout.rt,2021-08-16T17:42:36Z,45,2139,https://github.com/eclipse-scout/scout.rt/pull/2139,2026-04-10T08:09:43Z,Remove empty java file,457158,org.eclipse.scout.rt.shared/src/main/java/org/eclipse/scout/rt/shared/extension/MethodState.java,true,是,false,否,touches_code,修改代码,,正例=positive；负例=negative；不确定=uncertain,java,Java,python,Python,,,,,,,,unknown,待确认,needs_check,还需检查,low,低,,,,,待复核=pending；已复核=checked；有分歧=disagreed,
java_python__eclipse-scout__scout.rt__pr2140,language_migration,java_python,Java 到 Python,cross_language_migration,跨语言迁移,,部分功能迁移=partial_feature_migration；整仓翻译=full_repo_translation,,同一逻辑翻译=same_logic_translation；部分逻辑替换=partial_logic_replacement；逻辑不清=unclear_logic_mapping,eclipse-scout/scout.rt,2021-08-16T17:42:36Z,45,2140,https://github.com/eclipse-scout/scout.rt/pull/2140,2026-04-10T08:09:44Z,Remove empty java file,457158,org.eclipse.scout.rt.shared/src/main/java/org/eclipse/scout/rt/shared/extension/MethodState.java,true,是,false,否,touches_code,修改代码,,正例=positive；负例=negative；不确定=uncertain,java,Java,python,Python,,,,,,,,unknown,待确认,needs_check,还需检查,low,低,,,,,待复核=pending；已复核=checked；有分歧=disagreed,
java_python__google__perfetto__pr5447,language_migration,java_python,Java 到 Python,cross_language_migration,跨语言迁移,,部分功能迁移=partial_feature_migration；整仓翻译=full_repo_translation,,同一逻辑翻译=same_logic_translation；部分逻辑替换=partial_logic_replacement；逻辑不清=unclear_logic_mapping,google/perfetto,2019-12-10T10:32:44Z,5806,5447,https://github.com/google/perfetto/pull/5447,2026-04-14T11:16:34Z,Fix PerfettoTraceTest.java,Updating tests to use the correct API was changed to use static_string as default.,src/android_sdk/java/test/dev/perfetto/sdk/test/PerfettoTraceTest.java,true,是,false,否,touches_code; touches_tests,修改代码；修改测试,,正例=positive；负例=negative；不确定=uncertain,java,Java,python,Python,,,,test_files_detected,检测到测试文件,,,unknown,待确认,needs_check,还需检查,low,低,,,,,待复核=pending；已复核=checked；有分歧=disagreed,
java_python__ihmcrobotics__jros2__pr91,language_migration,java_python,Java 到 Python,cross_language_migration,跨语言迁移,,部分功能迁移=partial_feature_migration；整仓翻译=full_repo_translation,,同一逻辑翻译=same_logic_translation；部分逻辑替换=partial_logic_replacement；逻辑不清=unclear_logic_mapping,ihmcrobotics/jros2,2025-03-20T22:06:42Z,11,91,https://github.com/ihmcrobotics/jros2/pull/91,2026-04-14T19:43:41Z,Add java lang sanitization,,src/main/java-interfaces/example_interfaces/Byte_.java; src/main/java-interfaces/example_interfaces/String_.java; src/main/java-interfaces/std_msgs/Byte_.java; src/main/java-interfaces/std_msgs/String_.java; src/parser/java/us/ihmc/jros2/parser/InterfaceContext.java,true,是,false,否,touches_code,修改代码,,正例=positive；负例=negative；不确定=uncertain,java,Java,python,Python,,,,,,,,unknown,待确认,needs_check,还需检查,low,低,,,,,待复核=pending；已复核=checked；有分歧=disagreed,
java_python__jgravelle__jcodemunch-mcp__pr236,language_migration,java_python,Java 到 Python,cross_language_migration,跨语言迁移,,部分功能迁移=partial_feature_migration；整仓翻译=full_repo_translation,,同一逻辑翻译=same_logic_translation；部分逻辑替换=partial_logic_replacement；逻辑不清=unclear_logic_mapping,jgravelle/jcodemunch-mcp,2026-02-09T01:58:27Z,1604,236,https://github.com/jgravelle/jcodemunch-mcp/pull/236,2026-04-12T18:40:25Z,feat: `plan_refactoring` — edit-ready refactoring plans with full language coverage,"## Summary New MCP tool `plan_refactoring` generates exact `{old_text, new_text}` edit blocks for rename, move, extract, and signature change operations across all files affected by a refactoring. One tool call replaces the manual workflow of: `search_symbols` -> `get_blast_radius` ->...",CLAUDE.md; README.md; src/jcodemunch_mcp/cli/hooks.py; src/jcodemunch_mcp/config.py; src/jcodemunch_mcp/server.py; src/jcodemunch_mcp/tools/plan_refactoring.py; tests/test_plan_refactoring.py; tests/test_server.py,true,是,true,是,adds_new_tests; touches_code; touches_tests,新增测试；修改代码；修改测试,,正例=positive；负例=negative；不确定=uncertain,java,Java,python,Python,,,,test_files_detected,检测到测试文件,,,unknown,待确认,needs_check,还需检查,medium,中,,,,,待复核=pending；已复核=checked；有分歧=disagreed,
java_python__kreuzberg-dev__tree-sitter-language-pack__pr69,language_migration,java_python,Java 到 Python,cross_language_migration,跨语言迁移,,部分功能迁移=partial_feature_migration；整仓翻译=full_repo_translation,,同一逻辑翻译=same_logic_translation；部分逻辑替换=partial_logic_replacement；逻辑不清=unclear_logic_mapping,kreuzberg-dev/tree-sitter-language-pack,2024-06-26T15:15:11Z,329,69,https://github.com/kreuzberg-dev/tree-sitter-language-pack/pull/69,2026-03-08T14:36:08Z,feat: v1.0.0 — Rust core rewrite with polyglot bindings,"## Summary Complete rewrite of tree-sitter-language-pack from Python to Rust with polyglot language bindings supporting 168+ grammars. - **Rust core** (`ts-pack-core`): Thread-safe `LanguageRegistry` with dynamic parser loading, feature-gated language selection - **C-FFI** (`ts-pack-ffi`):...",.ai-rulez/commands/build.md; .ai-rulez/commands/fix.md; .ai-rulez/commands/lint.md; .ai-rulez/commands/review.md; .ai-rulez/commands/test.md; .ai-rulez/config.yaml; .ai-rulez/domains/language-management/rules/language-registry.md; .ai-rulez/domains/language-management/rules/parser-testing.md; .ai-rulez/domains/language-management/rules/version-management.md; .ai-rulez/domains/parser-compilation/context/tree-sitter-overview.md; .ai-rulez/domains/parser-compilation/rules/build-system.md; .ai-rulez/domains/parser-compilation/rules/c-abi-safety.md; .ai-rulez/domains/parser-compilation/rules/grammar-compilation.md; .github/actions/build-wheel/action.yml; .github/actions/test-wheel/action.yml; .github/workflows/build_and_publish.yaml; .github/workflows/ci-c.yaml; .github/workflows/ci-elixir.yaml; .github/workflows/ci-go.yaml; .github/workflows/ci-java.yaml,true,是,true,是,adds_new_tests; cross_language_mapping_visible; touches_code; touches_tests,新增测试；可见跨语言对应关系；修改代码；修改测试,,正例=positive；负例=negative；不确定=uncertain,java,Java,python,Python,,,,pytest,pytest,cmake,CMake,unknown,待确认,needs_check,还需检查,low,低,,,,,待复核=pending；已复核=checked；有分歧=disagreed,
java_python__opendataloader-project__opendataloader-pdf__pr275,language_migration,java_python,Java 到 Python,cross_language_migration,跨语言迁移,,部分功能迁移=partial_feature_migration；整仓翻译=full_repo_translation,,同一逻辑翻译=same_logic_translation；部分逻辑替换=partial_logic_replacement；逻辑不清=unclear_logic_mapping,opendataloader-project/opendataloader-pdf,2025-05-13T05:48:02Z,18010,275,https://github.com/opendataloader-project/opendataloader-pdf/pull/275,2026-03-11T04:39:58Z,"feat: add --sanitize option, separate from --content-safety-off","## Summary - Add `--sanitize` boolean CLI option that enables sensitive data masking (emails, URLs, phones, credit cards → placeholders). **Disabled by default.** - Separate it from `--content-safety-off`, which now exclusively controls rendering-mismatch filters (hidden-text, off-page, tiny,...",README.md; content/docs/_generated/node-convert-options.mdx; content/docs/_generated/python-convert-options.mdx; content/docs/ai-safety.mdx; content/docs/cli-options-reference.mdx; java/opendataloader-pdf-cli/src/main/java/org/opendataloader/pdf/cli/CLIOptions.java; java/opendataloader-pdf-cli/src/test/java/org/opendataloader/pdf/cli/CLIOptionsContentSafetyTest.java; node/opendataloader-pdf/src/cli-options.generated.ts; node/opendataloader-pdf/src/convert-options.generated.ts; node/opendataloader-pdf/test/convert-options.test.ts; options.json; python/opendataloader-pdf/src/opendataloader_pdf/cli_options_generated.py; python/opendataloader-pdf/src/opendataloader_pdf/convert_generated.py; python/opendataloader-pdf/tests/test_cli_options.py,true,是,true,是,adds_new_tests; cross_language_mapping_visible; touches_code; touches_tests,新增测试；可见跨语言对应关系；修改代码；修改测试,,正例=positive；负例=negative；不确定=uncertain,java,Java,python,Python,,,,pytest,pytest,,,unknown,待确认,needs_check,还需检查,high,高,,,,,待复核=pending；已复核=checked；有分歧=disagreed,
java_python__openrewrite__rewrite__pr6815,language_migration,java_python,Java 到 Python,cross_language_migration,跨语言迁移,,部分功能迁移=partial_feature_migration；整仓翻译=full_repo_translation,,同一逻辑翻译=same_logic_translation；部分逻辑替换=partial_logic_replacement；逻辑不清=unclear_logic_mapping,openrewrite/rewrite,2020-05-12T20:16:14Z,3407,6815,https://github.com/openrewrite/rewrite/pull/6815,2026-02-25T10:53:55Z,Python: register all existing recipes,"## What's changed? Adding all existing recipes under rewrite-python to the modules `activate()` function. ## What's your motivation? So that these recipes are installed. Some recipe libraries already started depending on them and if they are not activated, then the execution might fail with: ```...",rewrite-python/rewrite/src/rewrite/__init__.py; rewrite-python/rewrite/src/rewrite/python/recipes/add_literal_method_argument.py; rewrite-python/rewrite/src/rewrite/python/recipes/change_method_name.py; rewrite-python/rewrite/src/rewrite/python/recipes/change_package.py; rewrite-python/rewrite/src/rewrite/python/recipes/change_type.py; rewrite-python/rewrite/src/rewrite/python/recipes/delete_method_argument.py; rewrite-python/rewrite/src/rewrite/python/recipes/reorder_method_arguments.py,true,是,false,否,touches_code,修改代码,,正例=positive；负例=negative；不确定=uncertain,java,Java,python,Python,,,,,,,,unknown,待确认,needs_check,还需检查,low,低,,,,,待复核=pending；已复核=checked；有分歧=disagreed,
java_python__openrewrite__rewrite__pr7239,language_migration,java_python,Java 到 Python,cross_language_migration,跨语言迁移,,部分功能迁移=partial_feature_migration；整仓翻译=full_repo_translation,,同一逻辑翻译=same_logic_translation；部分逻辑替换=partial_logic_replacement；逻辑不清=unclear_logic_mapping,openrewrite/rewrite,2020-05-12T20:16:14Z,3407,7239,https://github.com/openrewrite/rewrite/pull/7239,2026-04-02T08:18:15Z,Fix `ChangeType` `UnsupportedOperationException` on JS `FunctionCall` nodes,"## Motivation When running Java recipes (e.g., `NoGuavaPredicate` → `ChangeType`) against repositories containing JavaScript files, `ChangeType.postVisit()` throws `UnsupportedOperationException` on `JS.FunctionCall` nodes. This was discovered in flagship recipe run alerts on app.moderne.io — the...",rewrite-csharp/csharp/OpenRewrite/Java/Rpc/JavaReceiver.cs; rewrite-csharp/csharp/OpenRewrite/Java/Rpc/JavaSender.cs; rewrite-java/src/main/java/org/openrewrite/java/ChangeType.java; rewrite-java/src/main/java/org/openrewrite/java/internal/rpc/JavaReceiver.java; rewrite-java/src/main/java/org/openrewrite/java/internal/rpc/JavaSender.java; rewrite-javascript/rewrite/src/java/rpc.ts; rewrite-javascript/src/integTest/java/org/openrewrite/javascript/ChangeTypeAdaptabilityTest.java; rewrite-python/rewrite/src/rewrite/rpc/python_receiver.py; rewrite-python/rewrite/src/rewrite/rpc/python_sender.py,true,是,false,否,cross_language_mapping_visible; touches_code,可见跨语言对应关系；修改代码,,正例=positive；负例=negative；不确定=uncertain,java,Java,python,Python,,,,,,,,unknown,待确认,needs_check,还需检查,low,低,,,,,待复核=pending；已复核=checked；有分歧=disagreed,
java_python__openrewrite__rewrite__pr7314,language_migration,java_python,Java 到 Python,cross_language_migration,跨语言迁移,,部分功能迁移=partial_feature_migration；整仓翻译=full_repo_translation,,同一逻辑翻译=same_logic_translation；部分逻辑替换=partial_logic_replacement；逻辑不清=unclear_logic_mapping,openrewrite/rewrite,2020-05-12T20:16:14Z,3407,7314,https://github.com/openrewrite/rewrite/pull/7314,2026-04-08T09:25:50Z,Fix UnsupportedOperationException in Py.ExpressionTypeTree.withType(),"## Motivation `Py.ExpressionTypeTree.withType()` delegates to the wrapped reference's `withType()`, which throws `UnsupportedOperationException` for `J.MethodInvocation` and `J.MethodDeclaration` (they require `withMethodType()` instead). This caused `ChangeType` to fail on repos containing...",rewrite-python/src/main/java/org/openrewrite/python/tree/Py.java; rewrite-python/src/test/java/org/openrewrite/python/tree/ExpressionTypeTreeTest.java,true,是,true,是,adds_new_tests; touches_code; touches_tests,新增测试；修改代码；修改测试,,正例=positive；负例=negative；不确定=uncertain,java,Java,python,Python,,,,test_files_detected,检测到测试文件,,,unknown,待确认,needs_check,还需检查,low,低,,,,,待复核=pending；已复核=checked；有分歧=disagreed,
java_python__opensensorhub__osh-core__pr345,language_migration,java_python,Java 到 Python,cross_language_migration,跨语言迁移,,部分功能迁移=partial_feature_migration；整仓翻译=full_repo_translation,,同一逻辑翻译=same_logic_translation；部分逻辑替换=partial_logic_replacement；逻辑不清=unclear_logic_mapping,opensensorhub/osh-core,2015-10-17T15:38:58Z,40,345,https://github.com/opensensorhub/osh-core/pull/345,2026-04-08T13:51:13Z,Update SensorHubOsgi.java,Currently all bundles are being registered and started. We need to allow fragment bundles to be registered but this type of bundle does not require activation as it contributes functionality to a host bundle This is an example of an osgi closure in a module that contributes custom forms to...,sensorhub-core-osgi/src/main/java/org/sensorhub/impl/osgi/SensorHubOsgi.java,true,是,false,否,touches_code,修改代码,,正例=positive；负例=negative；不确定=uncertain,java,Java,python,Python,,,,,,,,unknown,待确认,needs_check,还需检查,low,低,,,,,待复核=pending；已复核=checked；有分歧=disagreed,
java_python__powsybl__powsybl-metrix__pr281,language_migration,java_python,Java 到 Python,cross_language_migration,跨语言迁移,,部分功能迁移=partial_feature_migration；整仓翻译=full_repo_translation,,同一逻辑翻译=same_logic_translation；部分逻辑替换=partial_logic_replacement；逻辑不清=unclear_logic_mapping,powsybl/powsybl-metrix,2020-11-23T12:17:52Z,5,281,https://github.com/powsybl/powsybl-metrix/pull/281,2026-04-09T13:40:09Z,[JAVA] consumption sign adjustments,"**Please check if the PR fulfills these requirements** <!-- please use `'[x]'` to check the checkboxes, or submit the PR and then click the checkboxes --> - [x] The commit message follows our guidelines - [ ] Tests for the changes have been added (for bug fixes / features) - [ ] Docs have been...",DOC.md; metrix-integration/src/test/java/com/powsybl/metrix/integration/MetrixRunResultTest.java; metrix-integration/src/test/resources/metrixInitOptimizedResults.csv; metrix-integration/src/test/resources/metrixResults.csv; metrix-integration/src/test/resources/result_s10; metrix-integration/src/test/resources/result_s12,true,是,false,否,touches_code; touches_tests,修改代码；修改测试,,正例=positive；负例=negative；不确定=uncertain,java,Java,python,Python,,,,test_files_detected,检测到测试文件,,,unknown,待确认,needs_check,还需检查,low,低,,,,,待复核=pending；已复核=checked；有分歧=disagreed,
java_python__powsybl__pypowsybl__pr1171,language_migration,java_python,Java 到 Python,cross_language_migration,跨语言迁移,,部分功能迁移=partial_feature_migration；整仓翻译=full_repo_translation,,同一逻辑翻译=same_logic_translation；部分逻辑替换=partial_logic_replacement；逻辑不清=unclear_logic_mapping,powsybl/pypowsybl,2020-11-09T10:30:33Z,88,1171,https://github.com/powsybl/pypowsybl/pull/1171,2026-03-11T08:08:56Z,Fix loadflow provider parameters,"**Please check if the PR fulfills these requirements** <!-- please use `'[x]'` to check the checkboxes, or submit the PR and then click the checkboxes --> - [x] The commit message follows our guidelines - [x] Tests for the changes have been added (for bug fixes / features) - [x] Docs have been...",docs/reference/loadflow.rst; java/pypowsybl/src/main/java/com/powsybl/python/loadflow/LoadFlowCFunctions.java; pypowsybl/loadflow/impl/parameters.py; tests/test_loadflow.py,true,是,false,否,cross_language_mapping_visible; keyword_match; strict_migration_signal; touches_code; touches_tests,可见跨语言对应关系；命中关键词；强迁移信号；修改代码；修改测试,,正例=positive；负例=negative；不确定=uncertain,java,Java,python,Python,,,,test_files_detected,检测到测试文件,,,unknown,待确认,needs_check,还需检查,low,低,,,,,待复核=pending；已复核=checked；有分歧=disagreed,
java_python__radareorg__radare2__pr25793,language_migration,java_python,Java 到 Python,cross_language_migration,跨语言迁移,,部分功能迁移=partial_feature_migration；整仓翻译=full_repo_translation,,同一逻辑翻译=same_logic_translation；部分逻辑替换=partial_logic_replacement；逻辑不清=unclear_logic_mapping,radareorg/radare2,2012-07-03T07:42:26Z,23451,25793,https://github.com/radareorg/radare2/pull/25793,2026-04-11T09:48:03Z,Java,"<!-- Read https://github.com/radareorg/radare2/blob/master/DEVELOPERS.md * PR title must be capitalized, concise and use ##tags * If the PR is fixing a ticket use 'Fix #1234 - ..' in the commit message * Follow the coding style, add tests and documentation if necessary --> - [ ] Mark this if you...",libr/arch/p/java/plugin.c; shlr/java/class.c; shlr/java/class.h; shlr/java/code.c; shlr/java/code.h,true,是,false,否,touches_code,修改代码,,正例=positive；负例=negative；不确定=uncertain,java,Java,python,Python,,,,,,,,unknown,待确认,needs_check,还需检查,low,低,,,,,待复核=pending；已复核=checked；有分歧=disagreed,
java_python__tradestreamhq__tradestream__pr1797,language_migration,java_python,Java 到 Python,cross_language_migration,跨语言迁移,,部分功能迁移=partial_feature_migration；整仓翻译=full_repo_translation,,同一逻辑翻译=same_logic_translation；部分逻辑替换=partial_logic_replacement；逻辑不清=unclear_logic_mapping,tradestreamhq/tradestream,2024-11-03T01:26:40Z,7,1797,https://github.com/tradestreamhq/tradestream/pull/1797,2026-03-10T22:53:13Z,Add VectorBT backtesting ADR and YAML strategy loader,## Summary - Add ADR documenting the decision to migrate backtesting from ta4j (Java) to VectorBT (Python) at `specs/vectorbt-backtesting/SPEC.md` - Implement `YamlStrategyLoader` that reads YAML strategy specs and generates entry/exit signals for VectorBT backtesting - Add integration tests...,services/backtesting/BUILD; services/backtesting/tests/test_yaml_strategy_loader.py; services/backtesting/yaml_strategy_loader.py; specs/vectorbt-backtesting/SPEC.md,true,是,true,是,adds_new_tests; touches_code; touches_tests,新增测试；修改代码；修改测试,,正例=positive；负例=negative；不确定=uncertain,java,Java,python,Python,,,,test_files_detected,检测到测试文件,,,unknown,待确认,needs_check,还需检查,low,低,,,,,待复核=pending；已复核=checked；有分歧=disagreed,
java_python__xtclang__xvm__pr431,language_migration,java_python,Java 到 Python,cross_language_migration,跨语言迁移,,部分功能迁移=partial_feature_migration；整仓翻译=full_repo_translation,,同一逻辑翻译=same_logic_translation；部分逻辑替换=partial_logic_replacement；逻辑不清=unclear_logic_mapping,xtclang/xvm,2019-07-10T01:46:15Z,210,431,https://github.com/xtclang/xvm/pull/431,2026-04-13T13:39:22Z,Java JIT project milestone,- Primitive Arrays - Bit and Nibble support an corresponding arrays - Fixed size initialised array support - Range<Int constants - Routing methods for caps - Delegation support - Map constants - Various fixes,javatools/src/main/java/org/xvm/asm/ConstantPool.java; javatools/src/main/java/org/xvm/asm/OpCondJump.java; javatools/src/main/java/org/xvm/asm/OpInPlace.java; javatools/src/main/java/org/xvm/asm/OpIndex.java; javatools/src/main/java/org/xvm/asm/OpIndexInPlace.java; javatools/src/main/java/org/xvm/asm/OpInvocable.java; javatools/src/main/java/org/xvm/asm/OpOptimized.java; javatools/src/main/java/org/xvm/asm/OpVar.java; javatools/src/main/java/org/xvm/asm/constants/IntConstant.java; javatools/src/main/java/org/xvm/asm/constants/MethodBody.java; javatools/src/main/java/org/xvm/asm/constants/MethodConstant.java; javatools/src/main/java/org/xvm/asm/constants/MethodInfo.java; javatools/src/main/java/org/xvm/asm/constants/ParameterizedTypeConstant.java; javatools/src/main/java/org/xvm/asm/constants/PropertyInfo.java; javatools/src/main/java/org/xvm/asm/constants/TerminalTypeConstant.java; javatools/src/main/java/org/xvm/asm/constants/TypeConstant.java; javatools/src/main/java/org/xvm/asm/constants/TypeInfo.java; javatools/src/main/java/org/xvm/asm/op/IIP_Add.java; javatools/src/main/java/org/xvm/asm/op/IIP_And.java; javatools/src/main/java/org/xvm/asm/op/IIP_Div.java,true,是,true,是,adds_new_tests; touches_code; touches_tests,新增测试；修改代码；修改测试,,正例=positive；负例=negative；不确定=uncertain,java,Java,python,Python,,,,test_files_detected,检测到测试文件,,,unknown,待确认,needs_check,还需检查,low,低,,,,,待复核=pending；已复核=checked；有分歧=disagreed,
